[event.JPG]
filters=finetune2=1,0.111111,0.047719,0.075789,00000000,-0.052632;bw=1;
moddate=22359119c258d401
width=6000
height=4000
textactive=0
